0.9408585
0.9726131
1.2728527
1.1593466
0.7863202
1.0717323
1.1823338
1.1657553
0.8090308
1.1690876
0.8605875
1.2742162
1.0631642
1.2994914
1.0790939
1.1696051
1.2647734
0.877069
1.1859261
1.0907224
1.1739795
0.9639791
0.96801996
1.1866704
1.0512561
0.8370905
1.0729408
1.0305119
0.81589025
1.1679223
0.93287444
1.1758411
1.049352
0.9746152
1.2210561
1.2218592
1.0796841
1.0803483
1.1266482
1.1173882
1.2635236
0.86105454
1.2286531
1.0732368
1.0893395
1.2168751
1.0898483
1.1231886
1.0613761
1.1845981
1.1228557
1.1553211
0.9099152
1.0080342
1.0706234
0.73599935
1.0498849
1.0198233
1.0800831
1.2029821
1.0928955
1.0975114
1.1926657
1.024794
0.96050847
0.8525325
1.0028764
0.87544334
1.184808
0.8870305
0.9627758
0.8419602
1.1040827
1.3008378
1.2893335
1.0666139
0.9561179
1.1891358
0.8684311
0.89140606
1.188736
1.1465356
1.1639946
1.024715
0.9343337
0.8007226
0.990824
0.9632561
1.1532979
0.89527154
1.1131105
0.96699417
1.1355019
1.3019004
1.1989915
0.8203596
0.8652582
1.1987936
0.94091916
1.2809417
0.9263133
0.9729096
1.1534315
1.0762105
0.9434078
1.1786715
0.95534456
0.97128654
0.87483805
1.2788246
1.2740235
1.1395876
0.9430307
0.9344335
1.2157991
0.89100146
1.1527975
0.81008613
1.0904336
1.1231748
1.0908507
1.1410131
1.1383128
1.0052279
1.2081783
1.0878676
0.95689964
1.135329
0.9166993
1.2105595
1.1261778
0.85026056
1.0694458
1.020216
0.95884
1.0024133
0.92813396
1.0367097
0.8918139
1.2180346
0.81296486
1.0343264
1.1234593
1.0948248
0.86428624
1.0313175
1.0775855
1.2127612
1.2108598
1.1304529
1.2287998
1.3146832
1.1497512
1.0658338
1.0641347
1.0249802
1.0123858
1.0042526
0.93425333
0.9220695
1.1708891
0.9727871
1.285911
0.9273448
0.88035816
1.0889674
1.2448293
0.8456194
1.2185935
1.1357676
0.8791771
0.8899181
1.2119553
0.917151
1.2481953
1.005216
1.1371531
0.998019
1.0837867
0.90894246
0.9416444
1.0395399
1.0193976
0.9090384
0.91768575
0.910537
1.0161656
0.9302559
1.0918355
1.1229258
0.82733506
0.94244355
0.99309456
1.2298796
1.0315788
0.9801165
0.8409816
1.1114824
1.069902
1.0674641
1.1453332
0.877118
1.1324505
1.0716643
1.090991
1.0685325
0.96887743
0.8835083
1.2554964
1.2523034
0.95377195
0.8944364
1.0291725
0.9125006
1.1870935
0.9125765
0.842253
0.8111737
0.98653436
0.80938476
1.0198715
0.8963344
1.111173
1.067279
1.1441317
0.8366679
1.1099577
1.076963
1.0513178
1.2968524
1.1048468
1.2370596
0.8581995
0.97629654
1.0789945
1.1678044
1.2157037
0.9310665
1.1618309
1.0045766
1.1793127
1.1887044
1.3001333
0.871673
1.0620703
1.0346794
1.0289657
1.1911176
1.2248957
0.88038754
1.0749731
1.252124
1.0970759
0.88169736
0.9244401
1.0770717
1.1977077
0.8189293
0.8835554
0.96599454
0.97451687
0.8310115
0.8138057
1.0144922
1.2946365
0.944663
0.9912523
0.9105017
1.2417195
1.1610618
1.3112205
1.0864291
1.0527695
0.8822887
1.1644258
1.0705066
1.0591218
1.1190629
0.75935566
0.9001901
0.9109945
1.167908
1.204665
0.8212565
1.1696727
0.8694625
0.77264106
1.0915953
1.139865
1.011255
0.816082
1.1722642
0.92138577
1.1332664
1.1247666
1.0525506
0.9223965
1.111111
1.0399432
0.932698
0.8373003
0.9069566
1.1293559
1.1916997
0.8617792
1.2629694
0.9727942
1.1624045
1.0413985
1.1664567
1.0363431
0.75266117
1.1212742
0.89480114
1.1767795
1.0388935
1.087496
0.9346535
1.1938521
1.0567384
0.90127563
0.94169617
1.2809818
1.2276645
0.9461986
1.1665771
1.1874604
0.8710294
0.99565077
0.82648814
0.9719385
1.1650856
1.2173439
1.0518575
0.8964002
1.1218019
0.97900075
0.92622876
1.1702824
1.3541965
1.2386658
1.1324279
1.2357059
1.2025104
0.8732151
1.0433414
1.036873
1.135422
1.0094678
1.1811415
1.1267185
0.8661152
1.1964508
1.1856596
1.1111819
1.1621491
1.1541638
0.9490417
1.1732235
0.8420108
0.7591882
0.97846484
1.0536268
0.9324295
1.1485922
0.82914174
0.99281013
1.1587577
1.1781952
1.0534358
0.9400823
1.0432262
1.23857
1.1610794
1.1178483
1.052482
1.1561509
1.3130233
1.1949353
1.2055237
0.9044481
1.1434269
0.811976
0.90057206
0.94770575
1.2500131
0.95950496
0.89995307
0.90546644
1.1043314
1.0415388
0.87567437
1.0057745
1.0682317
1.0495905
1.1751215
1.126604
0.97312033
0.8353818
0.7770006
1.22476
0.8875541
1.099814
0.9196141
0.9143442
1.0406551
0.8659805
0.9793925
1.2046231
0.8956547
1.0050254
0.95733356
1.1109488
0.93123305
1.0810523
1.106618
1.2862644
0.83214736
1.0967159
0.9717707
1.0944108
1.0624614
1.2209649
1.0120282
1.0016558
0.9951296
0.8281431
1.0916525
1.1721175
1.2567811
0.99003947
1.1327415
1.2110932
1.1507767
1.1632522
1.2143846
1.0119977
1.0981648
1.0997789
1.20169
0.757571
0.89733505
1.0250912
1.0990028
1.0765305
1.0519814
1.212255
0.72168493
1.3000782
0.98765945
1.1839334
0.9597597
1.1961954
1.2054416
0.98718196
0.9660168
1.1093438
1.0365613
1.0088282
0.960067
0.8179337
1.1975056
1.1987929
1.2133166
0.9259391
1.0311126
1.0905001
1.132304
0.9074824
0.9019743
1.0660765
0.9886725
0.8757274
0.9589006
1.1064295
0.85329515
1.0009992
1.231973
0.86057174
0.91921794
0.7974951
1.0363083
0.8144329
1.001338
1.2626904
1.018928
1.3503559
0.9696504
1.0197908
0.77338177
1.0622091
1.0619323
0.8763108
1.0285709
0.7318663
0.9575093
1.1600373
0.7942697
1.119676
1.0292466
1.143568
0.9721932
1.0859265
0.8980291
1.0900631
0.84588045
1.0897412
0.82485396
0.9238806
1.0632242
1.0183941
1.1798577
1.3174914
0.854527
0.8918973
1.2624565
1.1959819
0.7957181
1.083996
0.95300543
0.91457516
1.2186272
0.94003916
0.8658346
0.9842571
1.2234665
0.909904
1.0241928
0.91514814
0.8924954
0.8071531
1.0145539
1.1162428
0.9762529
1.2328489
1.041031
1.025125
1.0561311
1.0342067
0.97224534
0.7650486
1.1802908
1.3081175
0.86993515
1.1387041
0.9572098
1.2011871
0.8975556
0.86211264
0.9220345
0.9476637
1.1329358
0.9490683
1.2231281
0.889222
1.0950007
0.82776153
1.1439347
0.77315915
0.972759
0.9357847
1.1835043
1.0123448
0.9208584
0.86556613
0.8408289
1.2741565
0.80627704
1.0801578
0.97191304
1.1515398
0.9553106
1.3239396
0.8546679
1.0002713
0.84235746
1.0206034
0.81110215
1.0381908
1.2450281
1.0537598
1.0796273
1.0800002
1.1420817
0.97818315
1.1635162
1.0029681
1.1404886
0.83815503
0.77417314
0.81886995
1.2692404
1.0849663
0.95264286
1.0901834
0.8027917
1.1930954
0.898716
1.1449646
0.9641874
1.2334702
1.2891039
1.0105504
0.7968303
0.91445756
1.1489669
1.0996771
0.9532527
0.8113199
0.9514316
1.2709558
1.1675411
0.892733
1.1852682
1.0770192
1.1531388
1.1740851
0.8099727
0.96833366
1.1004915
1.0267804
0.8661191
0.9499239
1.2487025
1.0274619
0.9161403
1.2186809
1.0138304
1.2117612
1.1955285
1.0998893
1.0157917
0.90990174
0.94657993
0.9365792
0.8321955
1.0301636
1.2657826
1.0049536
1.0752413
0.95534563
0.8112462
0.9987024
0.77936447
1.2800715
1.054994
0.8280557
0.884279
1.1693264
0.83330953
1.1104388
1.0951946
0.9675658
1.0436258
0.9818473
0.8116427
0.82186437
0.95845205
1.027051
1.0728757
0.847243
0.993685
0.9108889
1.1225896
0.8925644
0.92387843
1.187889
1.2369416
0.96572316
1.0319285
1.209316
0.9240136
1.1583762
0.78450197
1.0163552
1.1574597
0.9553344
1.0645039
1.1635215
1.0469251
1.1548563
1.288351
1.1507416
1.1305504
1.1056312
1.0702286
0.9749633
1.1542152
1.2042301
0.9680406
1.049075
1.224962
1.1236603
1.1921958
1.1312203
1.1587812
1.0068594
1.0064712
1.1786658
1.1877294
1.0585458
1.0627933
0.9600537
0.9227846
1.1302847
1.2862577
1.1910672
1.0497497
1.1321024
1.035899
1.0421216
1.1324114
0.8620916
0.9210119
1.2730088
1.0931933
1.0383091
1.0870026
1.1454322
1.2453687
1.2574687
0.8514689
1.0006566
1.1818877
0.8519711
1.2495686
1.2537947
1.1987181
1.0044111
1.1884173
0.8879397
1.0884511
0.9573026
0.8341304
1.1335498
1.086874
0.88443553
0.87446
1.1403122
0.7980294
0.8974185
1.2371264
1.135022
0.8528373
1.3038265
1.0287704
0.98653543
0.8272384
1.0546658
0.9928782
0.9621793
0.87846816
1.1852605
1.1261102
1.2250904
0.93254864
0.8684935
0.859815
1.1096318
1.2102798
0.87908447
1.2246718
0.8524245
0.97226644
1.0514604
0.936024
1.1478194
0.8476418
1.2092223
1.0190139
1.2705181
1.3367804
1.1410835
1.0727459
0.9352708
0.9749057
1.2519814
1.1075999
0.884058
1.195497
1.0048368
0.99862564
0.7037904
1.0530088
1.2673047
0.85585546
1.3335829
1.2286484
1.1001874
1.2085245
0.80546606
0.8065046
1.071256
1.1216989
0.9196448
1.106374
1.1320348
0.8649415
1.0986841
0.87891376
1.0998143
0.7666577
0.95015043
1.170588
0.85604197
1.0706412
1.1810248
1.3386543
1.2590702
1.3420081
1.1770216
1.0508102
1.0407326
0.92610407
1.0178378
0.8193774
0.9519535
0.99042153
0.9985697
1.121639
1.1006477
1.2310125
1.0911548
0.883677
1.3541571
1.0584445
1.1656294
0.9576112
0.92072415
0.9758601
1.1031748
0.9811015
1.211159
0.9512096
1.1276882
1.1174597
1.0017718
1.1605548
0.89089715
1.0669649
0.76498514
1.0240643
1.1861
1.111225
1.1515818
1.1359584
1.0658488
1.2313671
0.8547946
1.2518044
1.1491007
0.9936236
1.0076015
0.956419
0.9648216
1.0747082
0.9178201
1.1916511
1.0932097
1.1154842
1.0946083
0.96703
0.94444406
1.2033134
1.1759126
0.9740943
1.0741973
0.88458866
0.9663129
0.8925898
1.087853
1.0305448
0.9812273
1.0704377
1.1867567
1.2344444
0.8800651
1.1355913
0.947683
1.2558845
1.1049916
1.188385
1.1292487
1.0284775
1.1025035
0.99117744
0.93109286
0.765347
1.2054086
1.0214077
1.0327361
1.1495833
1.1146576
0.71861535
1.0426073
1.0641222
1.1953123
1.2123907
1.079225
0.8682759
0.8778392
1.0218887
0.87423074
1.2133665
1.1272693
1.1204057
1.2384431
1.0554265
1.0448912
1.1332207
0.9894693
1.012522
1.1590376
0.7811427
0.9692848
1.1211939
0.80789137
1.1081382
1.2161518
1.0231444
1.2030687
1.1487725
0.9571187
1.2527151
1.0207304
1.1442777
0.8439729
1.187052
0.93796223
1.0664968
1.2057014
1.1987376
1.0724505
1.1052507
1.1402836
1.0443642
0.8850025
1.1412892
1.1855955
0.8463307
1.1194689
1.1170267
1.2696128
1.0694633
0.9952042
0.8921768
1.0778651
1.1605778
1.2655308
1.0349104
1.0216442
1.1767243
1.1806389
0.98920524
1.0767084
1.2733881
1.0804536
0.914166
0.9784996
1.0402775
1.0229288
1.1439073
1.3260436
1.0423119
1.1945351
1.2185928
1.2364806
1.2402705
0.9125466
0.89998555
0.98901474
1.1572254
1.2009284
0.9417457
0.9237486
0.9282751
1.097096
1.1292994
0.8846096
1.1482582
0.84995633
1.0456188
0.97420776
1.0272189
1.0690382
1.0304875
1.0745155
0.99891084
1.0262362
0.9273311
0.8392168
0.93009794
1.2019666
1.196686
1.2439073
1.1016698
1.0694294
1.0652413
0.91468376
0.99059665
1.2824677
1.0364554
1.04605
1.1262274
1.0078241
0.92336893
1.1113596
1.0274444
0.93710744
0.8481194
0.8857697
0.8727268
0.8931603
1.1097324
1.2152188
0.7855692
0.92972195
1.1378299
1.2070489
1.0882461
0.92893326
1.0628705
0.96785855
1.0741088
0.9642737
1.1764197
0.9262128
0.89868855
1.12518
1.308748
0.9843819
0.91194415
0.87987983
1.2973886
0.86532605
0.74836695
1.1783667
1.10929
0.9667982
1.0626935
0.90975267
1.2616649
1.2595564
1.1172023
0.9604709
0.91615796
0.86964035
0.95804816
0.83967966
0.8351284
1.0830647
1.1372969
0.8601514
1.0642793
1.1364273
0.9729436
0.79879165
1.2141557
1.142783
0.8412968
0.9717808
1.198881
1.1145684
1.1959931
1.2055045
1.1929694
1.0162474
1.0002232
1.1697103
1.270603
1.2198361
1.1844599
1.0063505
1.1193388
1.2285888
1.1751488
1.0371455
1.1033465
1.0870216
0.933766
0.8735659
0.90162504
1.0139974
1.3246013
0.9102968
0.9192511
1.1466789
0.85532176
0.7788981
1.2519896
0.9253825
0.8051145
1.0515215
1.1240005
1.1071314
0.8445419
0.86717904
1.1348416
1.1220217
0.92138976
1.1541326
1.2109647
1.1183043
0.78367805
0.91659063
0.88590246
0.7821805
1.000458
1.2495167
1.1139818
0.98361444
1.0424154
1.0792999
0.9423939
1.0197792
1.0989438
1.2210431
1.1733891
1.0477242
1.0467434
1.1588683
0.9235163
1.1360435
0.9742348
1.1759224
1.1067938
0.9255496
1.0753419
0.9723778
1.2458255
1.0234714
1.2464461
1.0303069
1.1327966
1.1282145
1.1446521
1.0990329
1.1467243
1.0071561
1.2748051
1.1948948
1.050976
0.916414
0.9152038
1.1751524
0.98997235
0.7756889
1.2287817
0.8590482
1.1512301
1.2198374
0.922222
1.1395974
0.8800198
0.91475296
0.9847726
1.0736902
1.0666344
1.2718022
1.0858835
0.96581817
0.970777
1.2229853
1.1640716
0.96530014
0.93135446
0.909982
1.3553917
1.2470151
1.3069148
1.2043536
1.1019688
0.9629495
0.8281309
0.9843492
1.2621032
1.2789661
0.9426302
0.8097129
1.2058338
1.219077
1.048151
1.3496599
1.065986
1.3161952
0.9574168
1.2263458
1.1429968
1.2977878
0.9251889
1.1027279
1.2151563
1.070304
0.88495153
0.92984873
1.1903752
1.011871
0.98889935
1.1353527
1.0672736
1.0467646
1.2265226
1.0652004
0.9772105
0.95287687
1.0642304
1.0999243
1.2924564
1.1742126
0.9815903
0.9196646
1.0376532
0.96156883
0.9885287
1.2113142
1.2178674
1.32024
1.0532899
1.0078168
0.88351357
1.2918869
1.3048404
1.181799
1.2122998
1.0773423
1.102629
1.3882486
0.9160196
0.9991405
0.9792196
0.95367825
1.1017028
0.9539449
1.0121236
0.88016534
0.86434
0.8882834
1.1790111
0.87641084
1.226005
0.8795778
1.1163898
1.1913238
0.9250096
0.7314288
1.2186434
1.1148996
1.1408832
1.273588
1.1871867
1.180779
1.1075816
0.99153244
1.0016913
1.2064273
0.9270878
0.8516965
1.1349096
0.78126657
0.83519673
1.1598973
1.1537098
0.80851597
0.9920659
1.2170829
1.0452375
0.97209466
0.8548875
0.9623403
0.90790766
1.0747435
0.98910004
1.0874104
1.1052679
1.1238762
1.0763147
1.2956719
0.95183975
1.1607188
0.9285916
1.183033
1.0403082
0.9887339
0.8233993
1.1510221
1.1726476
1.3697326
0.8929739
1.0570965
0.8055908
0.91957164
0.9878889
1.3051305
0.90712094
1.055483
0.86228436
1.173115
1.2973704
1.2704033
1.2125735
0.98294836
1.1497262
0.9434674
1.070396
0.862373
0.87107337
1.0148432
0.85089016
0.79665565
0.9099246
0.8344909
1.1524198
1.1885724
1.0134676
1.011875
0.8458427
1.0554782
0.96848154
1.0884973
0.8956717
0.88856196
1.1858103
1.2261205
0.9206851
0.8402823
0.801081
0.98829293
0.8062163
1.2205325
1.0782189
1.0129889
1.0783352
0.8926286
1.1000261
0.7925066
1.2595613
1.1229863
0.8944981
1.0397947
1.1210182
1.0737302
1.3012046
1.1295254
1.2349774
0.94546664
0.91519296
1.1215403
0.95005095
1.2405651
0.85324866
1.3060825
1.0595376
1.0679305
0.99251866
0.99006426
1.0109358
1.1655631
1.1928215
0.9760473
1.087013
0.8814476
0.8210871
0.99151576
0.8380008
0.90155345
1.1236875
1.1476128
1.2453295
1.043278
1.0917056
1.0508965
1.0094984
1.0094559
0.9074353
1.1439874
0.9938929
0.89173925
1.0176622
1.0014802
1.266655
0.8269862
1.0025036
1.1553836
0.95716894
1.1585563
0.9309448
1.076893
1.1716106
0.9549703
1.064615
0.97429293
1.2030532
0.8569039
1.0932034
1.0252602
1.1219678
0.868904
1.0295684
0.93966544
1.0698085
0.78529274
0.99620867
1.0696263
0.8868613
0.87721026
0.8984809
0.9945663
1.230213
1.2017424
1.1077538
1.2230278
1.1105374
1.1265546
1.1006579
1.2872458
1.0145714
0.8211143
1.2136362
1.1037134
0.818408
1.0053644
0.98271453
1.051373
0.9294362
1.225545
1.0265887
0.9111943
1.0906348
1.2670301
1.1563475
1.1587529
1.292388
1.2153542
0.83076876
0.96161973
0.98200715
1.1889393
1.0805304
1.1978463
1.0772107
0.85392606
1.2455946
0.95186543
1.2188749
1.2450067
1.1360844
0.9561961
1.1440227
1.2729706
1.0357339
1.1574941
0.9300339
1.1368821
1.2939632
1.2060491
1.0917497
1.1003757
0.9811863
1.2817566
0.96275234
1.0672392
0.93212223
1.0397241
1.1643097
1.0866375
0.8411791
0.8577459
0.96436703
1.079842
0.7497481
1.0476651
1.1063579
0.88746834
0.90691125
1.1098733
1.1703386
1.1452842
1.1597891
1.1252835
1.1084641
1.1167166
1.1550274
0.9268501
0.983459
0.988711
0.92227966
0.9697567
1.2124977
1.1969707
1.0312512
1.0527449
0.7829268
0.94503736
0.7330838
0.95784235
1.1212289
1.0505316
1.010324
1.2264065
1.1721464
0.9998213
0.86306405
0.9619043
1.0710186
1.085262
1.1378223
1.0298014
0.9314281
0.82769656
0.7897996
1.1660122
1.0339715
0.941448
1.2284029
0.8801571
1.1593223
1.102449
0.95502234
1.0201492
1.1405795
0.9032575
1.0564065
0.90417457
1.1668952
1.2236114
1.0092558
1.0603523
1.192547
0.85132086
1.1362607
1.0608985
1.0358204
1.0676045
1.0245411
1.2778798
0.88858294
0.982569
1.0289879
0.9397353
1.1107397
1.1345578
0.931103
0.9618181
1.086768
1.2130394
1.2496834
0.9963609
1.0261321
0.8114623
1.2524583
1.0515368
1.1329699
0.79101676
0.9601991
1.2776592
1.215384
0.82492006
1.1729975
1.0599036
1.1818483
0.82773465
1.1261783
0.8576834
1.0449957
1.0910177
1.1263688
1.200866
1.2093472
1.0096107
1.2529511
1.1584697
1.1088991
0.9218601
1.096158
1.1274642
1.1248446
0.8701291
0.8950763
1.1544824
1.1561255
0.9574033
1.1905696
1.2567575
1.0833595
1.1570098
1.1129076
0.9375558
0.8585086
1.2160273
1.0092969
1.0637217
1.0528066
0.9308096
1.1943109
1.1244754
1.0689943
0.99747753
1.108964
1.0205789
0.9866796
0.7709032
1.092482
0.907271
0.86962914
1.1506554
0.8623035
1.128562
1.1101582
1.2377652
1.2459563
1.2394335
0.94758755
1.2035367
1.0102485
1.075386
1.0627123
1.1537011
1.1253625
1.2409787
0.9671958
1.0517963
0.86926085
0.9832143
1.2693851
1.0300151
0.88338447
0.92456174
0.9758535
1.202224
0.9201752
1.0135872
1.0824014
1.1095512
1.1467763
1.281148
0.9122468
0.86319375
1.1805937
0.94671273
1.2090272
1.090258
1.2184201
1.2126508
0.93897057
1.1764741
1.100847
1.1393939
0.8241769
0.84514594
0.93956625
0.98923016
1.1861533
1.2280295
1.2785223
1.0367628
1.104799
1.2209896
1.0912144
0.97667444
1.0043695
1.4294608
1.1961342
0.8263287
1.1583165
0.9083314
1.1451111
0.9743819
1.2347751
0.7704545
1.1668193
1.0381953
1.0706902
0.9263232
1.0963058
0.9541081
1.2194775
0.72018933
1.0878396
0.90945625
1.0398018
1.0746696
0.88830173
0.985642
0.9490683
0.89206016
0.9252614
1.0806503
0.8642906
1.055357
1.1483141
1.0508499
1.091767
1.2023764
0.9646307
1.2905385
1.1525657
0.8968167
0.8364557
0.7393415
1.0074842
1.0383837
1.2262535
0.937065
1.1009521
0.944723
1.0581656
0.9766073
1.0180048
0.9982936
1.0877964
1.1162031
0.9829973
1.11728
0.900754
1.0829268
0.9800739
1.1385345
0.8331745
1.0471113
1.126193
1.1365641
0.8347816
1.2078139
0.9140887
0.9986928
0.9726236
1.2897321
0.87731445
1.0516504
1.158516
1.0368313
1.3112434
1.2165425
0.85955167
1.0986321
1.0705729
0.9169123
0.9745269
1.0716941
1.1229877
1.1664766
1.0563868
0.9644133
1.1646609
1.155406
0.99826336
1.2838459
0.8820443
0.8392245
1.1877229
0.87008744
1.2208925
1.1707386
1.2019696
1.1057953
1.0954342
1.0713859
1.1076206
1.0938315
1.1638378
1.2534833
0.78126204
1.1408967
1.2865399
1.0129681
1.1646621
0.7810514
1.2918015
0.8368994
1.1296476
0.94037557
1.1327026
1.0335484
0.72519845
1.2450043
0.9801088
0.84052026
0.9105477
1.1796002
0.8245561
1.1622245
1.2833734
1.1611116
1.0655735
1.1212245
1.2750981
1.0727736
1.1566323
1.2407751
1.2175108
1.197339
0.83867157
0.9432068
0.79483294
1.1649297
1.016512
1.1482403
0.8316656
0.97590077
0.9733561
0.88723946
1.1484963
1.0354885
0.99216443
0.7167493
1.2811563
1.1745442
1.1871247
1.0795153
1.0458694
0.76446193
0.93332994
0.9652213
0.91507083
1.2407873
1.2081368
0.9709147
1.1128932
1.1852618
1.1098046
1.0502329
1.2590079
1.0751789
1.2367816
0.94186914
1.2457736
1.025502
1.0083667
0.98881054
0.95749146
0.95119816
1.0994046
0.78509307
1.0571916
1.3105323
1.0419502
0.717818
0.947731
0.9898474
0.9045576
0.9615347
0.9685383
1.2422252
1.0247347
0.9054781
1.2241514
1.1827464
1.1289219
0.802655
0.8809401
1.051359
0.9661646
1.0248117
1.081072
0.9406897
0.9441207
0.9986255
1.1325897
1.146426
0.98153716
0.89719117
1.189785
1.0653974
0.84738606
1.2386944
1.3523611
0.8110976
0.92186886
1.1525786
1.1008343
0.93004155
1.3059038
0.9177172
1.0735449
0.94212985
0.9850688
1.131994
1.0710812
0.8907442
1.2290137
1.1971056
1.2912364
0.94901025
0.8338312
1.10621
1.1323191
1.0750071
0.9561974
1.1071241
1.1830809
1.0026821
0.86984205
0.8634734
1.2141211
0.90196806
1.0494955
1.2568703
1.2087411
1.1146284
0.9835917
1.1262151
1.1720004
1.2388897
1.2316716
0.9458079
1.1276238
1.0409379
1.1967913
0.92218494
1.1779153
1.0225898
0.9287777
0.8030968
0.9198856
1.1228803
1.1366237
1.0912299
1.073336
0.98839784
1.0578912
0.8217298
1.1809721
1.080143
1.1521444
1.2607644
1.0232587
1.1396661
1.0825678
1.0915718
1.132286
1.1520069
0.91106963
0.9787724
1.0812988
1.1393697
0.838447
1.0100842
1.2228162
1.1910504
1.0905516
1.0565228
0.9044896
1.0431072
0.8742206
0.9764416
1.0362262
0.85596454
1.1512539
0.8634927
1.0082655
1.1091977
1.2328913
1.0743314
0.90505683
1.0229092
1.218473
0.9253048
1.1495771
0.9882004
1.3934352
1.2063555
1.0145991
0.8807585
1.0025662
0.9046451
1.1307316
0.9847833
1.1968606
1.1789498
1.1834288
1.2321095
1.2587993
1.0565059
1.2014414
1.0728884
1.0094248
1.2141589
1.1462126
1.1906548
1.0890269
1.0749662
1.2192836
0.8084419
1.1300012
0.9564431
0.81096363
1.0461982
0.92898214
1.1854123
1.1860137
0.88237786
1.1881378
0.9087531
0.8538382
1.0008655
0.9203142
1.1002129
0.84638345
0.69438934
0.7661934
0.90831804
0.92131555
0.93498254
1.0946988
0.9683506
1.1951814
1.1435947
0.8756033
1.0714226
0.8347081
0.9154248
1.0291036
1.1905292
1.1638496
1.1553545
0.848328
1.0772157
1.0892174
0.92418
1.2589686
1.0684686
1.1125546
0.9274263
1.0146196
1.148308
0.9073894
1.2039311
1.1672674
1.1732708
0.87720716
1.0012918
1.114125
0.9272629
1.3314043
0.9802776
1.0425909
1.2459999
0.86456585
1.2072728
1.1526423
0.94271946
1.1480646
0.97021157
0.85051966
1.1859357
1.2554922
0.91145355
1.1993535
1.1098999
1.0570477
1.0951747
0.86468154
1.098935
1.1453314
1.3924758
1.1024809
1.2243209
0.86241746
0.9914595
1.0845008
1.2781274
1.2698793
0.8667095
0.9552205
1.1775272
0.94661295
0.8296243
1.018078
1.0099652
0.8728611
1.0346829
0.9568311
0.87336075
1.0637685
1.0339857
1.0208519
1.0404868
0.7735709
1.1411941
0.8431141
1.032384
1.1166708
1.2807806
1.0877478
1.061543
1.347204
1.1544552
1.1544945
0.91762114
1.1843524
0.9569838
1.0292317
1.1390119
0.95399433
1.1783693
1.0703981
1.2114565
1.1536725
0.9851401
0.78526694
0.8733266
0.95163226
1.1396759
1.2140737
1.2549415
1.1095257
1.0361537
0.9096923
1.1478808
0.9434043
0.9287533
1.2052084
1.1300763
1.141515
0.92196417
1.0993258
0.9181473
0.9717345
1.1001291
0.989554
1.0096917
0.97592807
0.997972
1.0816231
1.2657576
1.2747989
1.0299406
1.159442
1.0773392
0.99139
0.93709785
1.1366631
1.1046985
0.88953805
0.84681135
0.939301
1.286962
1.2352052
1.132066
1.2356772
1.2062151
1.0576322
1.2344352
1.2434678
0.92560405
1.1284661
0.9880458
1.1707566
1.272737
1.3039188
1.1976409
1.1419749
0.890107
0.91702306
0.9674283
1.2285199
0.9902663
1.0612936
1.0158113
1.2174366
0.7709377
0.9897735
1.1312166
1.0468929
1.076483
0.80776036
0.8638431
1.1933502
1.218187
0.91112167
1.1342869
1.1072061
1.081253
1.0246205
1.0141537
1.1148585
1.0054209
0.7211821
0.86078286
1.1788224
1.1356481
0.9478639
1.1396327
1.1583636
0.7321074
1.0551172
0.8621387
1.221875
1.0866194
1.2486842
1.00079
0.9903149
1.1804391
0.9511406
0.9188822
1.2037458
1.0184999
1.1034734
1.162926
1.1973524
1.0571398
1.0163939
0.9896604
0.85278577
1.255404
0.93151116
1.283185
1.100198
1.1650444
1.1180229
1.0647537
1.0977836
1.096276
1.093765
0.8069828
1.0701445
0.78154093
1.0949526
1.0921247
1.0357724
0.85036623
1.1945901
1.1832545
1.1819203
1.1490808
1.0285709
0.97541183
0.92151517
1.1253275
1.2734234
0.94877857
1.145893
0.82894695
1.197547
1.3348804
0.9241793
0.97305346
0.8773535
1.1388118
1.3569872
0.9731152
0.76884663
1.019317
0.86401594
0.9235777
1.1187761
1.037072
0.84071314
0.96145153
0.91761124
0.7510281
1.1554146
1.1226923
1.0685483
1.134696
1.0326241
0.88099
0.9120667
1.1100264
1.2728891
0.90256184
1.1623002
1.0083766
0.92381465
1.2455692
0.9274631
1.1574602
1.0223545
0.9922732
0.8676153
1.144981
0.9390328
1.1386726
0.8018184
0.9790578
0.803083
1.2582722
1.1198816
1.2545338
0.9510504
1.1350521
0.914611
0.93833566
0.9559523
0.9832706
1.3065493
1.2071263
1.1247855
0.9908015
1.2291522
0.9753175
1.1839273
1.1021855
0.89178324
1.1546817
1.034456
1.1724749
0.9759556
1.0994372
1.1621499
1.0608805
1.0130156
1.2541721
0.9226993
1.1835433
1.2531501
1.0330558
1.0515474
1.1091446
1.1435158
1.1627685
1.1743869
1.0145602
0.93756163
0.97366005
1.1379272
0.9577787
0.7039213
1.0804195
1.0308008
0.9041025
0.8509489
0.8724441
0.9785545
1.1189108
1.0702116
1.110174
0.911654
1.165608
1.0486679
1.072779
1.0016721
1.1120398
1.2273769
1.1861348
1.0374647
0.7384336
1.1396172
1.1726179
1.0189953
0.9439018
0.97238445
0.9687803
0.6774516
1.1610723
0.8814739
1.0642673
1.2299814
1.1594801
1.0176739
0.80496955
1.0207162
1.1350446
0.9472646
1.2978761
0.9601166
1.1511539
0.7396345
0.84849143
1.1875281
0.84640014
1.0687168
1.0404947
1.0875835
0.9757793
1.0356714
1.0676206
1.1421125
1.2975606
1.0386989
0.8478131
0.78443015
0.899986
0.9045408
1.1449361
0.90837467
0.9906255
0.92773855
1.2854792
1.0343583
1.2658496
1.2058458
1.3837187
0.9713605
1.1952376
1.2220886
1.1767088
1.1531978
0.87021744
1.1672161
1.1986299
1.2299745
1.3398533
1.1474855
1.2245778
0.92064476
0.8633615
0.9335673
1.0307271
0.9153726
1.0105243
1.1557771
0.8816305
0.8889222
0.95262897
0.8885393
1.0614508
0.8846603
0.9248039
1.0011264
1.0313234
0.8489169
1.2029474
0.9947554
1.2097816
1.1916323
1.2054186
0.9682337
1.1656741
1.1277404
1.1801343
1.2158004
0.8907614
0.91605514
1.1319691
1.2772815
1.10769
1.1081905
0.98693085
1.212708
0.93589133
1.0982251
0.80717707
1.1258214
1.159589
1.0175371
1.2145162
1.1359335
1.2271881
0.9703293
0.98517185
1.1387548
1.0704639
0.86779135
1.1252763
1.0212566
0.9645177
1.0535948
1.2064922
0.9161928
0.92484546
1.1179843
1.2800757
1.1973857
1.0752594
0.83158576
0.993189
0.89409614
1.1610649
0.8931303
0.99058
1.159866
0.9722745
0.9296798
1.0640275
1.0676634
1.0441761
0.8965126
1.2453297
1.1710484
0.9201561
1.1480927
1.0557055
0.8958064
1.1701068
1.0729543
1.0354693
1.0495954
1.0950117
1.2195432
0.92215586
0.99761707
0.8653029
1.2533216
1.2311708
1.3083241
0.9857187
0.7284945
1.1733768
1.1828201
0.87331754
1.1653734
0.92157745
0.81447804
1.2561684
1.2026309
0.8708639
1.0320665
1.0237825
1.2045617
1.1942654
1.206969
0.75388575
1.3407876
1.1710585
0.7464112
1.1207081
1.1057763
1.0203916
0.8061356
0.76193833
0.90719163
0.96585816
1.0994333
1.0197105
1.059773
1.1068914
1.2947483
0.9666712
1.3193789
0.9989398
0.8592152
1.112659
1.0695895
0.944257
0.8908527
0.9239636
0.943486
1.0047218
0.87247485
1.3158154
1.1680751
0.8628768
0.87692344
1.2589035
1.3008087
1.29408
1.2594447
0.9051105
0.9623613
0.87252015
0.99050367
1.1699985
1.2165493
1.1590409
1.127555
0.9799406
1.0769014
1.1154274
1.1099447
0.8737814
1.10513
1.0920277
1.1746304
1.1714004
0.9655156
1.137172
1.3420565
1.0960813
0.99685526
0.9406377
0.9034312
1.2372835
0.9689879
1.3057108
0.77177906
1.160633
1.226967
0.98058033
1.0220885
0.92945623
0.8089385
1.1700433
1.1094365
1.0772218
1.1606295
1.3039494
1.0210649
0.93344045
1.1344383
1.0097748
1.127773
1.0791187
0.85043657
0.9354176
0.95412725
1.0178897
0.9526689
1.0239191
1.1422672
1.197714
1.0122573
1.1239493
1.123219
1.0326061
1.1215305
0.98108244
0.95223945
1.0067167
0.92872274
1.2650278
0.9444767
0.97238505
1.1857343
0.9391917
0.93377686
0.8003957
1.2469304
0.97102964
1.2754607
1.3000596
0.91911787
1.0345783
1.1275444
0.9275293
0.8378863
1.3325108
1.2326257
1.0219667
1.1413276
1.0567167
0.92395556
1.1410166
0.8927005
0.9407002
1.0329068
1.1768527
0.8984597
1.0675502
1.0251311
1.0181642
1.006807
0.9796163
1.1805282
0.7216237
0.89179695
0.83242285
0.97410154
1.0212831
0.7341473
0.92554146
1.0914018
0.9242805
1.037969
0.8823545
1.169301
0.92018723
0.89670396
1.1314294
1.2419534
0.9383779
0.8162138
0.96600014
0.9151983
0.8901671
1.0491619
1.0235908
1.0670972
0.8951939
1.0739007
0.9930079
1.0597478
1.2054291
1.2836232
1.2390178
1.2206413
0.8149499
0.9672801
0.9201748
0.989003
0.83051306
1.1870462
1.0621367
1.04952
1.1370623
1.1563492
0.83981717
0.89701545
1.2294049
1.0415046
0.83772016
1.1068584
0.8581246
0.9442605
0.94445705
1.0435448
0.92550874
0.984256
1.2088288
1.0208471
0.997117
1.2328084
1.0177071
1.209918
0.76259065
1.0744253
0.591473
1.1305385
1.0935878
0.91739583
0.9526371
0.97399235
1.0528764
0.88704073
1.0797322
1.2534068
1.2404994
0.94231415
1.2220787
0.8724363
1.1530176
1.1440516
0.76893973
0.99422467
1.0994148
0.84100115
0.91810197
1.2437372
0.8780304
1.2005571
1.0346141
1.0096133
1.0880666
1.1651149
0.9747762
0.8419416
1.3148391
1.1123036
0.8349005
0.97320676
0.9858449
0.94964826
0.8809242
0.9457867
1.125617
1.0375433
1.1027471
1.0128224
1.0917095
0.9761572
1.1555294
0.8989702
1.06969
0.99190843
1.2157023
0.78509045
1.158336
1.2138834
1.1781249
0.9402995
1.0595376
1.033139
0.96599126
1.180411
1.1666781
1.1809709
0.9999754
1.0525131
0.9621179
1.1276859
1.0264512
0.9973258
1.0191642
0.9619397
0.92714703
1.1057281
0.9776469
1.2702382
0.8667698
0.99877083
0.923881
0.94241804
1.2840084
0.95019937
1.1558492
0.9892975
1.0854797
1.1418107
0.9967015
1.1740818
1.1964824
1.2424188
1.1149545
1.0214329
1.2612817
1.0508248
1.1317557
1.0158517
1.1521095
0.98382807
1.0513407
1.0444396
1.1825153
1.0078759
1.2004709
1.0876405
0.95865107
0.9417813
1.137514
0.97878087
1.1491091
1.1667873
0.96350956
1.2614682
1.221834
0.85265064
1.1095482
1.1364958
1.1065192
1.0795292
0.81980103
0.9639473
1.0098863
0.9997332
0.83181196
0.9965372
0.75111437
1.1094077
1.1539938
1.2984331
0.7766879
0.9225961
1.2783756
1.1154128
0.9006156
1.0341328
0.8605311
1.0338131
0.92849183
1.1741365
1.1869726
1.1307163
0.98478687
0.824553
1.2861279
1.056595
1.2989583
0.81874406
0.85521173
1.2031171
1.049297
1.1556488
1.1610955
1.159028
1.0551293
0.8973963
0.78121555
1.0482672
1.086932
1.1837254
0.7115723
1.117968
1.0714947
0.90866613
1.1709085
1.0906692
1.0087731
1.1495036
0.9135255
0.977378
0.8970461
1.22304
1.2501233
1.0849392
0.89419085
1.1457437
0.9155011
1.2113991
0.8770864
1.2193606
1.0006404
1.1654532
0.9823817
1.1904249
1.2950343
0.91252387
1.0474807
1.0074358
1.0052838
1.0757283
1.1271303
1.208492
1.0403308
1.0402323
0.88373315
1.2097838
1.1248722
1.1710557
1.2283559
0.85433745
1.1061367
1.1774266
1.2246783
1.1652501
0.90039337
1.3076282
1.0990937
1.0716655
0.9925283
0.8469946
0.83079517
0.9088446
1.0876083
1.0410717
1.1129963
1.1150247
1.0793678
1.0254781
1.0792781
0.99548984
1.1338241
0.9435916
1.2365174
0.8981961
0.81026363
0.91851676
1.0311587
1.011394
0.90804505
1.1158471
1.1533338
1.0292863
0.85875946
0.959754
1.0012053
0.849571
0.8271984
1.1300514
0.8784812
1.0597645
1.0233245
1.0370283
0.8816062
0.8256609
1.25578
1.0424393
1.1073909
1.1149613
0.8932964
1.0124915
1.1554923
1.0211799
1.0155842
1.1252093
0.94796944
1.0470802
0.78630674
0.8725821
1.1087306
0.6832639
1.087008
1.0880785
1.0095313
1.0443671
1.3210734
0.7919886
1.0734837
1.0901493
0.83908635
1.2163258
0.86153615
0.72630906
1.293597
0.966256
1.1806409
1.0967612
0.96792066
1.2413391
1.0349507
1.0489007
1.2596133
1.2211978
1.1958499
0.9965606
1.1992792
1.1939453
1.1966565
0.74796987
0.91301996
1.0951765
1.2262611
0.92633045
0.84613186
0.87908417
0.7829566
0.9607668
0.83617485
1.2872524
1.2058811
1.2872822
1.0364714
1.2287726
0.9170869
1.2379243
0.83300734
1.0022928
1.1720845
1.0245184
1.1001279
1.1960099
0.97064865
1.161226
0.8286524
0.8493392
1.0561361
1.131695
0.9485675
1.0159712
0.98077625
0.9918708
1.1604497
1.0886263
1.2826593
1.2490847
0.99294287
0.8808204
1.1717464
1.1523862
0.92473805
0.86622626
1.1666667
1.1859803
0.9300668
0.9650508
0.98515046
0.8883985
1.0279148
1.1501544
1.0110755
1.0882754
1.2142745
1.0500834
1.1343045
0.96625257
0.859016
0.77364135
1.0797397
0.7975744
0.8734639
1.3110648
1.1619785
1.2103161
0.94357073
1.0396575
0.9714088
0.7951752
1.0540811
0.8206046
0.9972937
1.1301306
1.1558357
0.9642252
0.888077
0.92962295
1.0028017
1.2011592
1.0379832
1.3309898
1.2015305
0.785724
0.9289528
0.9731605
1.0093656
0.8350562
1.140638
1.0234642
1.0848352
1.0308318
1.257407
1.1366856
1.0884488
0.833655
0.9170526
0.8417995
1.0641929
1.1765146
0.93648505
1.0133754
1.0551007
0.9165007
0.9371283
1.1270134
1.1713889
1.2511363
1.3159871
0.90210706
0.86169815
0.89175063
1.2305533
0.938094
1.1306559
0.9249906
0.97640383
0.99230206
1.1053921
1.1019005
1.1138229
0.9248315
0.8187458
1.147857
0.89329195
1.2145991
1.0650849
1.1151206
1.178904
0.8028574
1.2909406
1.0514789
1.1887977
1.2714651
0.98977256
0.97092
0.89908636
1.2530949
1.0194477
1.0094018
1.0314275
1.1347213
1.2246103
1.0572673
1.1793083
0.902296
0.81097746
0.7584591
0.87612015
1.0222046
1.0429189
0.9860238
1.0549496
1.2370344
0.8833989
1.1828771
1.1069945
1.0548266
0.88752365
0.8496067
1.0353935
0.9750462
1.1837618
1.2638236
1.1785923
1.197829
1.1392897
1.2005391
0.7919418
1.2130682
0.96497774
1.1045871
1.1497322
1.0051622
0.90303785
0.96271974
1.0210059
0.9890617
0.8239838
0.98085314
1.0768234
1.0610242
0.83514524
1.1293408
1.0227175
1.2813935
1.1379968
0.9918505
0.9689566
1.002892
1.2210016
1.0538967
1.0760067
1.079843
1.0167365
0.9161849
0.9417818
0.77535903
0.86658573
0.9206377
1.1949878
1.1320636
1.0803609
1.0283142
1.0506493
0.93779767
1.0705991
1.1015875
1.2300704
0.810675
0.9904531
1.170639
0.89111817
0.82195204
1.1560314
1.1333473
1.0823777
0.8844563
0.97348833
1.2790146
0.81726265
1.0373933
1.2390757
0.9740205
1.0988938
1.0532457
0.97770184
1.168436
1.0837575
0.8872427
0.87256503
1.188154
0.9619612
1.1818888
0.97807515
1.0924063
1.256722
0.87267965
1.0712118
1.1734222
1.0104847
0.88649756
0.85314834
0.8896315
1.0951777
0.90084034
1.0092498
0.9825831
0.8033687
1.0678076
0.7620481
0.8852322
0.89252555
0.92673206
1.0833256
0.8855094
0.9354589
0.8305646
0.829021
0.7264918
0.8256503
0.9400208
0.82195854
0.85387784
0.8875419
0.96848655
0.86792666
0.8709389
0.9633058
0.9174305
1.056482
0.797847
0.8936213
0.8687022
1.133895
0.75158775
0.85142064
0.70806706
0.8132
0.9613956
0.98850167
1.1377048
0.8951301
0.7804264
0.90566236
0.8577639
1.0784111
0.7113241
0.69869876
0.86662906
0.8822433
0.9139092
0.79123807
0.85200393
0.8538544
0.8386124
0.8394808
0.85248065
0.7731396
0.83890784
0.9351857
0.79436004
0.9277741
0.7714616
0.9018444
0.97819436
0.82396996
1.0495961
1.145561
0.9018355
0.72903085
0.7836464
0.97104
1.0552546
0.795226
1.108994
0.87558603
0.85382414
1.0322542
0.8026488
0.9370856
0.97625804
0.81682295
0.9760086
0.72361004
0.8691634
0.9253669
0.867494
0.8495723
0.90245104
0.8240107
0.9900953
1.0110259
0.96102786
0.84096026
0.76668215
0.7443409
0.848449
0.9467086
0.71528685
1.0967262
0.97271824
1.1125591
0.7855172
0.9474039
0.9447243
0.86940825
1.0421822
0.90443754
0.9966644
1.2064872
0.86549234
1.1031328
0.862023
1.1474407
0.7153391
0.73436165
1.0105901
0.83520794
0.78581536
0.91202146
1.0394573
0.70795226
0.8451714
0.8545085
0.76575667
0.89390504
0.749768
0.90161204
0.95391536
0.8619603
0.7391925
1.3326278
0.9344778
0.8169899
0.7851534
0.94316936
0.955089
0.8785693
0.8609204
0.876733
0.9746344
0.95932835
0.73380995
0.7748406
1.0067856
0.6148181
0.8771029
0.9648995
0.9792434
0.6517428
0.76852864
0.6942253
0.89944404
0.8897331
0.9905435
0.7598987
0.8969404
0.767586
0.73402715
0.9167087
0.868276
0.8897058
0.8603068
1.0430689
0.8532884
0.90169376
0.7977582
1.0271783
0.90510803
1.2342018
1.0087276
0.7175246
0.8919103
0.94397867
0.86082566
0.79820824
1.1439927
0.9819821
0.7866024
0.99865866
1.131429
0.8462759
0.8208396
0.8700619
0.6897805
0.78249586
0.83302414
0.69215447
0.88285714
1.0353875
1.0218136
0.88391936
0.7013885
0.8162252
1.0272843
0.8339821
0.99381125
0.875646
0.8921852
1.136129
0.9271427
0.97628033
1.1049426
0.8534332
0.8453088
0.88388276
0.8988137
0.7670216
0.7865994
0.75064397
0.74774146
0.89968574
0.82225394
0.9525548
0.854122
0.68159926
0.8215207
0.88693285
0.73959404
1.039185
0.71771586
0.7659646
0.9139433
0.877159
0.7509475
0.8995534
1.1295915
0.8327439
0.9684317
0.80842304
0.78635526
0.81589717
0.7450545
0.8196212
0.88400596
1.0473454
0.81569445
0.87727714
0.78143597
0.9019352
0.9732276
0.841735
0.9608302
0.87754875
1.0546426
0.9778452
0.94708323
0.9972199
1.0828462
0.74016017
0.9465908
1.095556
0.8757029
0.9391342
0.86185277
1.0871887
0.8931453
0.71878964
1.0223806
1.1840672
0.8384191
0.87484443
0.842867
0.9450556
1.1869056
0.81262714
0.6117835
0.8364879
0.76119745
0.89085555
0.8935245
0.84817064
0.8116988
0.74492157
0.71861863
1.0668812
0.8183626
0.80717057
0.87472343
0.8735348
0.99179304
0.8621745
1.1774528
0.8528862
0.8474474
0.76086986
0.9338261
0.8594003
0.9897438
0.87848306
0.8892871
0.97981215
0.74558115
0.7338408
1.1233687
0.772044
0.9451523
0.8606474
0.83639973
0.7255036
0.8253278
1.1487173
0.9764158
0.73449475
0.8716155
0.93264747
0.8141649
1.0219921
0.902619
0.7196438
0.8978934
1.171282
1.1854835
0.8495525
0.96847856
0.81308216
0.97884506
0.7985877
0.9478055
0.96277285
0.9021209
0.674337
0.7545947
0.82803977
0.80453014
0.8668854
0.8678824
0.9068771
0.84666085
1.0958734
1.0201347
0.69649327
0.6571315
0.6813886
0.6527856
0.8495418
0.96129954
0.9930018
1.0457098
0.95944566
0.8126127
1.0709676
0.77976334
0.7396533
0.9873276
1.0991578
0.8469732
1.0141938
0.8833823
0.8171501
0.95442176
0.9299253
0.8865731
1.1944187
0.95684373
0.9247147
0.9375133
0.93237805
0.9616852
0.96201444
0.86942863
0.8069562
0.9419586
0.8264134
0.74932814
1.0233349
0.898587
0.866387
0.70639884
0.7438164
1.0232677
0.75043845
0.9698733
0.9099324
0.95672876
0.79702204
0.99692094
0.8464346
0.99928534
0.8933016
0.9676056
0.79196537
0.95504534
0.7884813
0.89151275
0.89379954
0.8979852
1.1442053
0.7629317
1.0265089
1.0953662
0.7379105
1.0769861
0.8696523
0.9635328
0.95543265
0.9424937
0.9568712
1.1497719
1.0138531
1.1343431
0.78537214
0.7911276
0.84028804
0.8507831
0.9763309
0.7415781
1.1614802
0.9369408
0.9491439
0.85968924
0.81483066
0.8673841
0.9309927
0.8245181
0.9820839
1.0279384
0.7894429
0.7396027
0.8256961
1.0592042
1.0302589
0.9833063
1.0471961
0.84367627
0.887962
0.91881895
0.8243107
1.230173
0.95334935
0.97151387
1.2129886
1.0492818
1.1484935
0.94726
0.77932936
0.9064635
0.7781576
0.81057245
0.9958345
0.78190887
0.7031572
0.87707525
0.7515706
1.0571238
0.8021728
0.84667945
1.10223
1.0266992
0.8731022
1.2482958
0.6854681
1.014346
0.77046025
1.0635464
0.9013172
0.7817761
0.96611667
0.8648617
0.79818594
1.0785186
0.88526857
0.9128193
0.79393685
0.7724216
0.8851516
0.79201317
0.8694173
0.88725084
0.80193806
0.89012
0.814663
0.8248314
1.0545862
0.7695711
0.6792825
0.95766604
1.2542477
1.0072256
0.988012
0.87294745
0.7270794
0.9042991
0.8785037
0.7965902
0.9402174
0.8784238
0.9001808
1.2255691
0.8791652
1.3088508
1.0319494
1.0304754
1.0526261
0.98423684
0.8036497
0.8384966
0.8609146
1.0918496
1.4859514
0.89453185
0.91902924
0.93374
0.7439185
0.95472956
0.77233243
0.942405
0.96366215
1.026582
0.9897711
1.0642091
0.8544409
1.0250657
1.0341296
0.8017613
1.0625954
0.7460488
0.99319947
0.78174174
0.92979896
0.78387195
0.7546352
0.86180127
1.2269561
0.7719719
0.7893436
0.896568
0.6755985
0.9117414
1.0917222
0.88709563
0.82952994
1.18256
0.98386395
0.8750092
0.961596
0.8734591
1.0922335
0.81049824
0.9759654
0.9851129
0.801355
0.8108874
0.8881484
0.940186
0.748171
0.67131215
1.0494142
0.87066054
0.9106528
0.85874474
0.8385424
0.9801675
0.83347255
1.0303044
1.0508568
0.8839277
0.8609553
1.0131019
0.96916384
1.0036436
1.0544105
0.72261107
0.92338437
0.8491782
0.87169695
0.8640383
0.77539456
0.87009525
0.8471761
1.2425635
0.96655506
0.95991886
0.81133175
0.9885771
0.94565845
0.9078125
0.8484682
0.98687494
0.7578587
1.0282321
0.9719235
1.048517
0.9096245
0.76537585
0.74421847
0.8316669
0.91548955
0.8342012
0.9688972
1.1647216
0.7976842
0.82290787
0.76190054
0.901101
1.1178095
0.9095583
0.899354
0.9382224
1.0400306
1.2786429
0.8675277
0.97079796
0.84951043
0.8093758
0.9242811
0.8912363
0.9043075
0.9427508
1.1802305
0.8482735
0.804669
0.9384171
0.9762392
0.9773177
0.8970357
0.8975514
1.0272311
0.91491187
0.8577455
0.7352241
0.8783553
0.9808663
0.76808643
0.726261
0.9382307
1.2194948
0.9331008
0.8892671
1.0606145
0.9954672
0.6634991
0.99187994
0.8578891
0.88690084
0.67132646
0.7533921
0.86940014
0.89461875
0.7239901
0.83507264
0.9078412
0.87109315
0.9130597
0.8677554
0.9260186
0.9505
0.89602834
0.9248034
0.84721947
1.0137019
1.2094879
1.1104097
0.9743506
0.77706206
0.6365299
0.73528755
0.90895975
0.9198017
1.1659226
1.051785
1.0041628
0.8855404
0.77087015
0.81269896
0.8495747
0.9514436
0.8265796
0.7076224
1.2358077
0.78769755
0.8590348
0.8878691
0.827458
0.7443205
0.7848919
0.80884886
0.95020163
0.94166625
1.2134795
0.76731646
0.9084517
0.9045407
0.9278693
0.8536122
1.0054189
0.8327071
0.8087439
1.056272
0.90963805
0.7352712
1.0799102
1.3082552
0.9963369
0.7553278
0.951211
1.0234048
0.7440684
0.69994473
1.0264189
0.96539146
0.8364495
0.84498185
0.72867036
0.93914676
0.85710967
0.82537186
0.8585384
0.7725752
0.89325523
0.8729634
1.2881469
0.8621992
0.93978524
0.7322916
0.9009141
0.9385177
0.81914747
0.88817036
0.870093
0.8230564
0.9000881
1.0900575
0.89248097
1.0705009
0.7522211
0.79059446
0.70174253
0.96373814
1.0891813
0.90520036
0.8785782
0.72161674
1.103339
1.2849948
1.119295
0.8209562
0.89130414
0.93322915
1.0657458
0.8948362
0.84663594
1.2072806
0.7777586
1.2600358
0.79516625
0.8930025
0.83963007
0.9783561
0.98199725
0.8451825
0.73759615
0.98974115
0.89221895
1.07518
0.7817973
0.7984636
0.69314283
0.912868
0.93827915
0.71951765
1.2172923
0.80764025
0.8731593
0.79814744
0.7790514
1.0027649
0.8016687
0.95139015
0.8542712
1.0329282
1.1114955
0.77790785
0.92696416
1.0038391
1.2104964
0.8044362
1.0138909
0.85454166
0.7594577
0.8610733
1.2128627
1.050179
0.90034175
0.8828866
0.8264511
0.7911667
0.99786925
0.9075542
1.035764
0.9772537
0.79555756
0.8532634
0.75511837
0.7424151
0.94368696
0.7958975
0.80370355
0.988644
0.81284297
0.7980155
0.8709848
0.72009087
0.78380406
0.9130796
0.98752546
0.8137506
1.0744975
0.8561666
0.9329102
0.8677565
1.1017529
0.880144
0.78947777
0.95231855
0.9118383
0.8454056
0.8686497
0.9371676
0.79847074
0.99271303
0.7885446
0.9521922
0.78657746
0.93316054
0.7518862
0.9741742
0.74347425
0.8329768
1.0835282
0.8835927
0.7945159
0.83965194
0.8708142
0.74805844
0.7751081
1.0685985
1.1430904
0.9386087
0.75373816
0.9378501
0.83825636
1.0472742
0.82210755
0.8261249
1.1406467
1.1014824
1.2012786
0.8982984
0.71841407
0.8537266
0.9181297
0.782538
0.9372579
0.8497213
0.67786765
1.0387852
0.82043964
0.88336104
0.8392205
0.80270416
0.70053196
1.0566792
0.92069966
0.8507649
0.9234015
1.1124724
0.8503027
0.84481597
0.8606385
0.86610377
1.1588433
0.84371114
1.046601
0.8532065
0.7803079
0.79210216
0.79739904
1.1183217
0.8865126
1.2909019
0.7386886
0.87921524
0.916076
0.81505525
0.8856813
0.7939037
0.92911667
0.93061745
0.8869623
0.94551194
0.996227
0.6762261
0.8420874
0.9054846
0.9937328
0.8448914
1.0004721
0.9748448
0.82336426
0.8600992
1.0618031
0.76268977
1.003285
0.7834603
1.1704627
1.0986145
0.89317393
0.9459631
0.96007013
0.9277556
1.011088
0.8611485
0.9703553
0.86777
0.89519656
0.9645331
0.7926737
0.67731476
0.8398653
1.0629591
1.0587766
0.8588146
1.1109611
0.7999517
0.76085305
0.9898616
0.7918371
0.84288955
0.86973464
0.75769943
0.8502073
0.7911104
0.8593422
0.84329605
0.89636993
1.0353436
0.9039739
0.6942794
1.0000056
1.1016879
1.1109029
0.8729112
0.9149074
0.6500205
0.80633175
1.1481979
0.8619576
0.85153073
0.8370323
0.82372004
0.8045248
1.0166268
0.85965896
0.8800241
0.8122808
0.77150184
0.9061105
0.6647556
1.1070684
0.92788565
0.7949438
0.7644922
0.8453014
0.9697803
0.8748783
0.88217866
0.92067206
0.89289916
1.0424407
0.7833502
0.73106277
0.8639704
1.0993227
1.1313181
0.6706671
0.83483565
0.9917117
0.78671366
0.75277233
0.96982956
0.72906756
0.92955434
0.8874045
0.735572
0.92402303
0.8472663
0.6572815
0.8850698
0.7621695
0.8160737
0.78448164
1.1524632
0.73737276
0.8277632
0.8941734
1.0816481
0.71580267
0.7933502
0.81323934
0.78680754
0.7910227
0.87410283
1.1189877
0.75801295
1.0860233
1.018028
0.8620035
0.92559326
0.8180899
0.94467306
1.0168351
0.84375495
0.923447
0.7046596
0.9122282
1.0221417
0.8210714
0.79566014
0.8952439
0.80702853
0.992859
0.84322846
0.964427
0.96125466
1.1330233
0.7724049
0.8860624
0.7853684
0.9636259
0.8912344
0.8657861
0.94126797
0.93884885
0.88314205
0.9560509
0.8116387
0.8509934
0.7666867
0.8918457
0.79192924
0.8809909
0.76890445
1.0211524
0.9649007
0.8788473
0.8131802
1.0442345
1.0744383
1.0863537
1.1772304
0.8152194
1.1751599
0.98008734
0.88987833
0.79421735
1.1066316
0.99839884
0.82533574
0.9340273
0.8254978
0.8506395
0.88043535
0.80725455
0.7179076
0.96269184
0.9307815
0.93435836
0.737473
0.54588485
1.2555671
0.9794079
0.79156923
0.91518974
1.0569139
1.1730576
0.83201647
0.699193
0.83675086
0.87521964
0.8508761
0.74794286
0.9426404
0.94241935
0.82039165
0.97666264
0.82581735
0.8278917
0.92155373
0.6775061
0.8586987
0.77855456
0.82615376
0.80259514
1.1077013
0.78207386
0.89332026
0.86738527
0.8612971
1.0535433
1.0073471
0.94352835
1.0539758
0.88067937
1.1248527
0.72663057
0.85471225
0.8498384
0.8478578
0.9130317
0.796569
0.744452
0.86747825
0.86245936
0.77129865
0.80046105
0.8030008
0.84372526
0.8676648
1.1601772
1.0185492
0.93338406
1.1162012
0.8000012
0.98958004
0.9934517
0.7875825
0.8500755
0.79973006
1.0014344
0.8184016
0.96097934
0.7572112
0.92411745
0.88554394
0.8122788
0.9412813
0.9847666
0.801579
0.9283782
0.7839358
0.80613756
0.8211685
0.9825722
0.80624306
0.90268534
0.8076694
0.8308388
0.85168797
0.8189064
0.8941576
0.78862107
0.9867034
0.9797353
0.8744763
0.8141963
0.83904135
1.0885154
1.0623436
0.79673636
0.75643337
0.84433174
0.7931322
0.9830233
0.815408
0.9650858
1.0077988
0.8629209
0.7626023
1.1082948
1.0051334
0.91098416
1.160865
0.7801089
0.8507817
0.6993786
0.9640628
0.8860097
1.0374652
0.8673054
0.77431124
1.0240152
0.76419914
1.0115017
0.97070944
0.86988246
0.82600534
0.8852314
0.91939294
0.7522769
0.814495
1.140259
1.157326
1.0296872
1.0678313
0.8508283
0.9479326
0.7958611
0.89662695
0.762867
0.83717066
0.7522676
0.8933902
0.8582318
0.67440695
1.1877856
0.9029126
0.9425949
0.771889
0.96710634
0.97341
0.9413457
0.82901883
0.87713194
0.9893752
0.92519325
1.234972
0.7924125
1.1574631
0.8986349
0.84932196
0.8514258
0.9592012
0.96989536
0.88580346
0.9079331
0.90863544
0.8976852
1.0114453
0.8116636
1.0461391
0.8271776
0.90168417
1.0116118
0.98571837
0.79422796
0.96656156
0.930047
1.2315074
0.8808639
0.9303974
0.8144904
1.0584917
0.81598055
0.9639816
0.96362424
1.0720634
0.9456651
0.82684743
0.9285007
0.7103888
0.7153684
0.8345446
0.88868886
0.8128449
0.89603794
0.919757
0.9501759
0.96564376
0.679696
1.0370156
0.7582146
0.75215435
0.92343473
0.97989786
0.8582494
0.82708734
0.96046144
0.8396199
1.0348701
0.796471
1.0133176
0.80208987
0.95534015
0.9845263
0.82765293
0.9157598
0.88811743
1.0339319
1.0016196
0.747992
0.77088755
1.0380175
1.1139164
0.9165721
0.7622401
0.795615
0.8690544
0.7288063
0.8389646
0.9609413
0.8530497
1.2638289
0.9083066
1.0276737
0.8997326
0.9540945
0.985795
0.78227043
0.981315
0.90893674
1.0076568
1.1290399
1.0346192
1.0084708
0.9419219
0.800686
0.8105881
0.8511858
1.1167489
1.0295396
1.0473241
1.0600346
0.76005775
0.9051899
1.0122219
0.8240975
1.0236129
0.9166169
0.83810127
1.0285542
0.9378439
0.75908506
1.2730883
1.1388786
1.0054998
0.9340741
0.93453753
0.7360223
1.0611362
0.8506514
0.9825413
1.1192391
0.7854333
0.7988676
0.98534334
0.8929479
0.8885703
0.9273325
0.995856
0.94043845
0.87138206
1.1294603
1.0000976
1.0277827
0.9396857
0.7425896
0.82591575
0.78352296
0.79866934
0.98561454
0.8832444
0.9134394
0.79126656
0.78013885
1.1555724
0.96831906
0.79194546
0.8346677
0.9034258
0.7827854
0.7386782
0.9432062
0.9333216
0.79911983
0.7473216
1.230688
1.0124353
0.9877157
0.8896371
0.95946145
0.70053375
0.9661406
0.8251151
0.76667964
0.7916021
0.9480449
0.91606
1.0014403
0.9170228
0.7895216
0.87989414
0.9948199
0.8964781
0.7771965
1.065402
1.0093585
0.9774705
0.8366161
1.1602747
1.1506586
1.0016363
0.87888145
0.9200228
0.7276526
0.71226734
1.0492519
0.82499945
0.77620196
1.1511992
0.9648998
0.76644087
0.7523561
0.86448824
0.9766847
0.77271295
0.90465724
0.86932224
0.96128666
1.0178198
0.6200683
1.1874689
0.8022701
1.2103214
0.8526752
0.9998199
0.8328476
1.0578997
0.9138857
0.93976057
1.2251892
0.6743994
0.7478796
0.87685907
1.0321065
0.99693346
0.80305743
0.7978308
1.0338478
0.8414061
0.7958052
1.0809492
0.72516274
0.85726583
0.9617771
0.83629835
0.76651263
0.9175637
0.9442903
0.9207792
0.91077924
0.8941767
0.78719807
1.031128
0.9251071
0.825305
0.88781404
0.819096
0.8503436
0.98579985
1.1839882
0.88191795
0.73976636
0.59242857
0.8392201
0.83473194
0.8861505
0.83048713
0.79538107
0.8168129
0.99182
0.7670762
0.79099834
0.8293599
0.61672544
0.98265594
0.8480804
0.75294983
0.95226336
1.0111048
1.0022421
1.0240908
0.9557325
0.81179523
1.2650132
0.9150789
0.8581511
0.80023617
0.698537
0.7041097
0.69886285
0.9665612
0.93779993
0.8605742
0.91598284
0.8807823
0.9300946
0.9761053
0.7392379
1.0149951
0.9381273
0.67739856
0.7739346
0.7358694
1.0774182
0.8283472
0.8612759
0.7623646
0.79916
0.83435714
1.0713886
0.8191563
0.98613745
0.75822043
1.0067807
1.0604537
0.8949961
0.89766383
0.80478406
0.74404097
0.7951677
1.0154089
0.9626299
1.0990117
0.7916293
0.82304966
0.9055071
0.7097702
0.807435
0.847665
0.8232148
0.99831057
1.1405727
0.7964791
1.1792316
0.83882725
0.91249454
0.85447454
1.0623807
0.9828223
0.8533325
0.8313943
0.8670806
0.9047439
1.0564005
0.77262914
0.7386451
0.9564626
0.8164382
0.8515299
0.8672937
0.8374734
0.89669657
0.91184175
0.9031496
0.8118355
0.9877593
0.7800362
0.94293034
0.8597182
0.8084781
1.0181967
0.9000355
1.0541742
0.8919377
0.6812743
0.82502246
1.0060143
0.91572666
0.7953969
0.95089704
0.9651206
0.94071245
0.8291254
0.935295
0.7990269
0.8162519
0.9251231
0.9268355
0.97926474
0.85228753
0.8220147
0.84093785
0.91367567
0.8704933
0.64294827
1.0687761
0.9142374
0.90254647
0.8127042
1.1343136
0.80336416
0.90406644
0.8986178
0.88871634
0.84690017
0.64661
0.8774605
0.8270961
0.78434384
0.89332145
1.0675226
0.80212593
0.94501466
0.8293543
0.88261676
1.1048169
0.9195154
1.0076597
0.9690501
0.855885
0.81070995
0.85861737
0.7637259
0.88547343
0.9474951
0.86760056
0.8332426
0.8293499
0.80146265
1.0256758
0.6829032
1.0510172
0.88616824
0.90241873
0.7502663
0.8204932
0.92111963
0.92074656
0.89035195
1.0873282
0.7470868
0.8660218
0.9087626
0.8008002
0.8555126
0.7780963
1.086162
0.7560995
0.9221318
0.8895867
0.82205975
0.7954427
0.76715696
0.8668151
0.8666017
0.8014126
0.7887492
0.9899329
0.853278
0.9530567
0.9156809
0.9882258
0.9947114
0.9469219
1.2491266
0.9171124
0.8402442
1.044672
0.93172824
1.0473791
0.8558134
1.2835431
0.7562068
0.82994425
0.93884027
1.1139586
1.1343286
0.86717105
0.9980887
0.9315756
0.7593291
0.8042976
1.1085463
0.90357214
0.73088026
0.8551914
1.2333605
0.82355464
0.90274966
0.9323286
0.9473141
0.95096123
0.9324261
1.0653973
1.0324512
0.92260224
0.75166357
0.8146565
0.85375905
1.043833
0.7778754
0.9313024
0.9684292
0.8331107
0.73494303
0.7488818
0.79004663
0.8252249
1.0798407
1.0575333
0.90045905
0.9227456
0.92726564
1.0232145
0.84920275
0.9609661
0.9231215
1.0796087
0.8303344
1.1488613
0.9176601
0.89740247
0.79093015
0.78723675
0.8134576
1.0693545
0.89013857
1.0455964
0.71784
0.8528831
0.97134024
0.770776
0.7524882
1.0382779
0.85193247
0.97236776
0.8056565
0.8090975
0.8298285
0.94059455
0.78308827
1.1021507
1.0881354
1.1540685
0.9556292
1.0239729
0.8728641
0.73613
0.86249363
0.82306373
1.0110046
0.95474255
0.7829269
0.8596685
0.9699075
1.1346705
0.8716588
1.0714079
1.1934521
0.8783012
0.72484016
0.98138547
0.9615524
1.1515638
0.8125178
0.81900716
0.8366684
0.92991626
0.8566452
0.91493917
0.9419658
1.0013902
0.9352967
0.7820499
0.87386966
0.8656111
1.1288377
0.9281324
0.83271074
0.8483032
0.78654224
0.87923735
1.0212532
0.78743374
0.81828123
0.777337
1.0274291
1.1985456
0.76592994
0.8122062
0.98689586
0.81968343
1.1178098
1.0443184
0.96118665
0.92403823
0.9921755
0.8419086
0.70843464
0.7051817
1.0124195
0.9474114
0.92625743
1.0533078
0.7786613
0.73058885
0.9604522
0.86904967
0.669124
0.9474063
0.86319184
0.9305191
0.8765862
0.8803497
0.83119214
0.95793116
0.8489342
0.85205346
0.84092826
1.1919951
0.98279643
1.3355268
0.7826156
0.7315346
0.81106496
0.79066277
0.6908624
0.81846464
1.046578
0.9652337
0.76638865
0.8969438
0.9286001
0.73324287
1.1400342
0.9301909
0.8406152
0.85706985
0.82033277
1.0256169
0.8772199
0.76115096
0.9622086
0.99286175
0.9282866
0.78440475
0.8043909
0.7918027
0.86328685
1.0068963
0.7659178
0.9118473
0.83219856
0.806895
0.86042035
1.082449
1.1130419
0.86197007
0.9388828
0.87791
1.0138235
0.97665584
0.92496514
0.7006347
0.8516202
0.8641255
0.7194986
1.0783986
0.8424459
0.9652928
0.7488092
0.88348186
0.8960724
0.98217374
1.1183786
1.1872779
0.8966225
0.85254526
0.9109461
0.83018994
0.85497487
0.9578303
0.8551233
0.914691
1.1105545
1.1252222
1.1406014
1.2192383
0.7733321
0.9338409
1.0428072
0.925466
0.9384862
0.978461
1.014853
0.8192471
0.8154908
0.7504531
0.8900641
0.91290027
0.97323203
0.9239853
0.8598577
0.9095032
0.9754988
0.9125237
0.8573519
0.8071661
0.93687975
0.9162407
0.9413599
1.0784391
0.9563018
0.7129624
0.83485866
0.96118075
0.824888
0.858943
1.2866732
0.85137856
0.8440616
1.0601629
0.80043775
0.88679546
0.9260949
0.8587981
0.808697
0.8976232
0.80314255
0.97513056
0.84658587
1.2129381
0.84323704
0.8218832
0.78410876
0.8306893
0.68319285
0.8811357
0.9981703
0.90031826
0.85230666
0.9895307
0.8870685
1.0119216
0.792737
0.91403955
0.8182226
0.9030105
0.8456243
0.81197596
0.6827183
0.9188101
0.8549738
0.92471683
0.9058808
0.87192166
1.0639131
1.0843613
0.70155
0.87658346
0.8588518
1.000766
1.0192333
1.2060357
0.7677307
0.80787885
0.6136328
0.7412965
0.711337
1.1125385
0.8854768
1.2842567
0.9929851
0.77108955
0.89609873
1.0688298
0.9069401
0.9093597
0.91889256
0.8392168
0.8025933
0.8505529
0.8857697
1.0032661
0.8772145
1.0351039
0.9474014
0.78956133
0.8728303
0.7830852
0.87010807
0.8047137
0.9079062
0.8125303
0.6743194
1.2149835
0.6172436
0.9662359
0.9953886
0.7744878
0.78825414
0.8614106
1.0180598
0.7756914
1.0528836
1.077599
0.7494412
0.72574514
0.8330529
0.9623156
0.88365734
0.82142377
0.98105633
1.0148904
0.8651215
0.8449384
0.6873989
0.94341284
0.84409446
0.883273
0.8117347
0.82622
0.8788679
1.0580683
0.9228155
0.8841771
1.141893
0.98912406
1.0761474
1.2368016
0.81804824
0.89892066
0.9545836
0.9490949
0.6903151
0.9140152
0.809159
1.1438539
0.6704251
0.9340669
0.90901095
0.8070439
0.8695994
0.75520957
0.90724266
0.6601341
0.9978111
0.89112604
1.0710058
1.0958499
0.7476938
0.91337544
0.79473746
0.90189767
1.2433486
0.81617725
0.9153722
0.89459395
0.69561803
0.9764978
0.8722899
0.9666959
1.0876907
0.9335505
0.8707316
0.895293
0.80281305
0.84650207
0.90630865
0.7333156
0.8742957
0.9689244
0.8198507
1.1450499
1.1431397
1.1254281
0.96507525
1.0491571
0.9434035
0.9663956
0.8511243
1.0178673
0.7241112
0.7926953
0.806882
0.81788343
0.7190434
0.81427324
0.8559522
1.049035
0.8038047
0.8361013
1.0874935
0.7854881
0.85474575
1.0104067
0.7928791
0.8922769
0.80528057
0.9767432
0.98224735
0.94763124
1.0008186
0.8998383
0.84816086
0.8632511
0.85413235
0.71305746
0.9139416
0.85802794
1.0754358
0.74642867
1.161002
0.9729639
0.77539825
1.0262039
0.9318974
0.8609053
1.1664414
0.8634194
0.9644355
0.91485596
0.92280626
1.2826636
0.9405313
1.0090064
0.95745397
1.0008196
0.86315435
0.72547245
0.8596014
1.035145
0.90236104
0.83662057
0.8625991
0.9389058
0.8940021
1.2059324
0.81593895
1.1343743
0.66430914
0.92642975
0.8060252
0.86650354
0.79142225
1.0302229
1.175526
0.79570615
1.0123336
1.0354297
0.8224387
0.79775196
1.0820975
1.109751
1.050536
0.86925447
1.184624
0.9123049
0.8002109
1.1920618
0.82881695
0.8501246
1.0281439
1.0133963
0.8857868
0.89526784
0.88213
0.7090528
0.8514308
0.67180884
0.89782846
0.9736457
0.8788564
0.94593734
0.5948631
1.1006043
0.93531704
1.2146693
0.66740125
0.80956995
0.91671234
0.76189756
0.8975588
0.8501882
0.7883849
0.8652283
0.81579566
0.68615675
1.0217803
0.91780674
0.94928014
1.2671568
0.7755047
0.8230729
0.8580086
0.7377732
0.7189791
0.7964895
0.8404496
0.8572384
0.9514094
0.78832304
0.88255113
0.80594885
0.91131115
0.9238366
0.9212652
0.9329715
0.83298135
0.7014539
1.3106692
1.0824101
1.1032662
0.6489683
0.77034783
0.8273696
0.8707258
1.1009125
1.1906043
0.91586715
0.9984782
0.89891875
0.9002704
0.7316143
0.882315
0.72948986
1.1192942
0.7514051
0.7923663
1.1236868
0.9541542
0.8825591
0.85558116
0.8542029
0.8316702
0.82660234
0.90591776
1.1957603
0.7919877
0.8135551
0.8134816
0.93111026
0.8518337
0.8258366
0.8816848
0.7902907
0.7576188
0.7534653
0.89128256
0.9346708
0.98721856
0.7684866
0.88542664
1.1257335
0.92973804
0.9310849
1.0714389
0.76788294
0.69913185
0.8368834
1.0577589
0.95125806
0.81455505
0.9007699
0.7853614
0.96083397
0.8803116
0.90696377
0.95230657
0.8985158
0.9229321
0.70158565
1.0238079
1.157833
0.8792628
0.8975697
1.1107104
1.0808895
0.9114052
0.8057884
0.89672196
0.8907675
0.8158652
0.9617114
0.7425443
1.0664021
0.8301014
0.7196452
0.98337924
0.80064094
0.7943793
0.6283746
0.89518
0.99123645
1.0119464
0.7548044
0.88300705
1.180241
0.8036699
1.0457809
1.1244544
0.83517325
0.9818102
0.74541533
1.0420407
0.7901252
0.88524944
0.9087339
0.9402065
0.78874326
0.6784713
0.75961816
1.0180815
1.0086207
1.0465844
0.8890854
0.65431315
0.66035354
0.926898
1.0081083
0.78464764
0.7741786
0.9434787
0.77930737
0.88415253
0.71935666
0.83336365
1.0852358
0.8650286
1.0086467
0.8290264
0.79040617
0.83526117
0.8983349
0.75643003
0.9640641
0.8414744
0.9216933
0.8919894
1.050343
0.8863543
0.75148076
0.8913284
0.7241284
1.0376748
0.85702527
1.0619333
0.77810085
0.8184829
1.0929587
0.9369011
0.99618125
0.747311
1.2612467
0.96370083
1.0729861
0.9761576
0.9512563
1.0086329
0.6758875
0.83983386
0.80660176
0.7284324
0.86638534
0.8060081
0.87740076
1.1062073
0.8194408
0.63104945
1.0729363
0.8360475
0.9691173
0.95372474
0.86055636
1.124247
0.7170177
0.7313527
0.81231916
0.749106
1.045627
0.8317697
0.92690647
0.9388677
0.8112819
0.90674686
1.0631516
0.970667
0.7930289
1.1668746
0.96451557
0.7482432
0.69236606
0.8683583
0.97950566
0.7070842
0.8159788
0.705168
0.9799309
0.79207563
1.0277259
0.9377277
0.83401227
0.81259805
0.7601646
0.8544951
0.8816263
0.95234
0.8152774
0.8263464
1.2151415
0.7818848
0.8428146
1.0827963
0.8855499
0.81586146
1.0595578
0.8759663
1.0537963
0.84245545
0.7658642
0.6105734
0.9142947
0.85866666
0.94494444
0.69436264
0.8845059
0.75321066
0.8561332
1.006293
0.8607565
1.012534
0.7402369
1.2390704
0.90354663
0.8966116
0.77544653
0.82814384
0.8183029
0.8435079
0.8814124
1.034784
0.8754884
0.92959094
0.84618473
1.0658311
1.0258188
0.8167336
1.0069847
1.0995331
0.8231681
0.8533137
0.74538493
0.8159195
0.73495835
0.861073
0.8553692
0.7330886
0.9298147
1.2154057
0.89211303
1.0382103
0.8515477
0.8346549
1.0110066
0.8224521
0.8343147
0.8115221
1.0273529
1.0328386
0.8442532
0.90924364
0.95336187
0.78488827
0.76882154
0.9285245
0.91714954
0.92319226
0.67301273
0.9374547
0.9429035
0.9278854
0.95975995
0.87520635
0.93574166
0.70194507
0.99862766
0.758782
0.84229755
1.3440238
0.96671253
1.0054826
0.87967896
1.049133
0.94523287
0.8084548
0.8555343
1.0807252
0.84132624
0.73448753
0.8462244
0.7645515
0.80914307
0.9459183
0.8709489
0.795467
0.79311556
0.88226247
0.73195374
1.0964427
0.849566
0.8149331
0.87686026
0.8986993
0.92083764
0.91102123
1.0643421
0.8052107
0.85062146
0.8928312
0.96702
0.9750937
0.85064983
1.1297172
0.9240311
0.8508427
0.9814752
0.84874725
0.8754064
0.79172844
0.6907379
0.7809484
0.900934
0.66935927
0.7780055
0.8600737
0.8074451
0.6957104
0.90269715
0.8530373
1.0371222
0.9546517
0.94111264
0.8716446
0.77859664
0.89516807
0.8955789
0.9379638
0.8655989
0.8225442
1.0208485
1.1292478
0.8936859
0.8849547
0.8446389
0.75656796
0.9919962
0.87544346
0.66143584
0.80878526
0.80774915
0.94842386
0.9465584
0.8412107
0.9510367
0.8687261
0.80214083
0.7904383
1.0092678
0.87365586
0.9999424
0.7721373
1.2140626
0.90368307
0.9390869
0.7300217
0.83488894
0.9654997
1.0185151
0.90755975
1.1656172
0.8474176
0.8992318
0.96357805
0.9929005
1.0537741
0.94296885
0.9201152
0.81706834
0.8985437
1.0023688
0.827981
1.0825317
0.8965799
0.7270041
0.8065759
1.1217468
0.8707211
0.72539973
0.7175331
0.96704507
1.0743822
1.0554209
0.9142623
0.88443124
0.70771086
0.60638255
0.88955694
0.83230495
0.8801427
0.80554104
0.8643369
0.9945597
0.81421006
1.1484321
1.0908736
0.99342644
0.86591876
0.80043244
0.92391515
0.9725148
0.93631893
0.92415136
0.7265127
1.1909734
0.87718177
1.1307206
1.0630895
0.9905094
0.84924304
0.9665972
0.8257575
0.7958522
0.8779237
0.68598634
0.9923308
0.8511128
1.285418
0.691041
0.8471849
0.9401329
0.62888706
0.98695993
1.051727
0.7170199
0.82297003
0.93072236
0.88850164
0.90598655
1.0936444
0.9502538
0.8155804
1.0652844
0.6640238
0.91348064
1.0708156
1.0867155
0.9648561
1.0940804
0.923133
0.8030243
0.75663674
0.91486716
0.8741212
0.848338
0.8639008
0.8681317
1.1643484
0.91716814
1.046005
0.8261014
0.8346579
0.879262
0.90687734
0.8462826
0.90756357
0.9285907
1.031355
1.0603937
0.78580683
0.8963959
0.9464033
0.72172356
0.72258455
1.0367786
0.97566783
0.8920732
1.2061391
0.9646034
0.8643479
0.82377505
0.9681294
0.894246
0.7061244
0.9554155
0.6875454
0.95400804
0.805085
0.8932543
1.0304557
0.9028263
0.86238515
0.97666734
0.82580304
0.8265365
0.93262076
0.74130553
0.8296692
0.647714
1.0332681
0.8219679
1.2023807
1.0970986
0.8278751
0.98838913
0.7978871
1.0809183
0.859068
0.80147517
1.0006692
0.9428607
0.89495945
0.9833231
0.94812584
0.84134066
0.9799968
0.6903137
0.93784857
1.042076
0.81146413
0.97699976
0.9344492
0.8229964
0.7943456
0.7996528
0.7982987
0.8499351
0.81263477
0.72865677
0.8827481
0.7858685
0.67405593
0.86726236
0.9209424
1.1039364
0.9259685
1.0050212
0.8723024
1.0049534
0.79687697
0.77502763
0.7887262
0.87833405
0.72637796
0.7852919
0.99689305
0.9892344
0.9886977
0.97481287
0.7144643
0.81902534
0.9024488
0.80860186
0.8287158
0.8617854
0.7882191
0.98184025
0.88868237
1.0499375
1.1377625
0.88551515
0.7964115
0.9530462
1.1132487
0.8743394
0.8004421
0.8614756
0.8632607
1.1016464
0.9084265
0.9178604
0.93178344
0.8381883
0.90993094
0.9085298
1.1583827
1.0548489
0.8676967
1.101834
1.0597957
0.91730314
0.75940704
1.0359554
1.0912645
0.82907104
0.9697455
0.7892347
0.7654587
0.6960749
0.8631997
0.88224936
0.9285567
0.794862
0.70353067
0.84644985
0.7825431
0.8636481
0.7040706
0.9048476
0.8882152
0.8507463
0.9777049
0.9270104
0.77297544
0.9959018
0.800769
1.0066704
0.7049327
0.89568937
0.8017665
0.9825034
0.77800024
0.96627545
0.8365464
0.68255085
0.7913625
0.694786
0.825253
0.77708185
0.9625833
0.9123992
1.0306416
0.9399711
0.96777284
0.8783618
0.9405125
0.7201808
0.8562958
0.8741644
0.88696337
0.96553314
0.86361885
0.7699152
0.9701662
0.91863245
1.0229564
1.0620512
1.1297064
0.9432948
0.9440681
0.97827023
0.8614514
0.8126503
0.7433071
0.88908154
0.8512045
0.9449601
0.83945376
0.8348161
1.0690432
1.015718
1.1033305
0.9284872
0.89614534
0.99387944
0.8636149
0.9454602
0.7362991
0.8596971
0.87999034
0.8218926
0.92768115
0.98523223
0.9461451
0.8264557
0.89049387
0.7630948
0.7304884
0.8325877
0.8611903
0.99793833
0.9651254
0.76326954
0.78561324
0.83489764
0.85884666
0.70398474
0.698173
1.0519773
0.889866
0.73671705
0.7171365
0.81340265
0.9942863
0.66904825
0.7884281
0.8732008
0.9177393
1.1892862
1.0287819
0.74555796
0.7349052
0.9678295
0.98758996
1.1021665
0.8545939
0.8493706
0.9087516
0.8666658
1.080051
1.167567
0.7912781
1.0292344
0.98780423
0.7507756
0.98446894
0.859061
0.91755056
1.2566161
0.897103
1.0538927
0.9050435
1.0615938
0.7331625
0.9722841
0.99924624
0.8676983
0.8451017
0.8403685
1.1485596
0.76372916
0.9562603
1.0932924
0.9093826
0.8344466
0.72899044
0.9415319
0.8726604
1.0333595
1.1079642
1.1923406
0.748412
0.8665501
0.98808753
0.8531343
0.8186305
1.0082159
0.7913459
0.80119395
0.8557451
0.8588548
0.88285935
0.9291806
0.76343787
1.1954956
0.9077865
0.9708923
0.8434019
1.1032871
0.867099
0.8955622
0.856506
0.95796156
0.87837666
0.7860315
1.0693058
0.78033984
0.8621888
1.1619819
0.8815268
0.77187
0.9160608
0.7833453
0.6829386
0.83746743
0.79045564
0.90725017
0.8300328
0.8603644
0.66798806
0.8880693
0.81673074
0.8494178
0.7311821
1.1788714
0.71943384
0.7510586
0.8674108
0.85089254
0.866511
0.9576216
0.8630883
0.7622577
0.9991075
0.8945903
0.8927448
0.7931454
0.8594012
1.00281
1.065843
0.80632865
1.2488067
1.1917378
0.9363228
0.91958344
1.0551499
0.9344007
0.76961285
0.80739295
1.0224036
0.9120504
0.94407415
0.8068634
0.83836997
0.6750707
0.8832671
0.7851839
0.9267372
1.0520704
1.0181217
0.86191857
1.0319836
0.9484587
0.9140245
0.7722119
0.8885414
0.99846005
0.9821178
0.74679387
1.0124327
0.8396822
0.9781742
0.813969
0.8751776
0.6422844
0.8600242
0.7363028
0.9137677
0.83689564
0.81507635
0.8876808
0.97621125
0.8362534
0.96076876
0.7791927
1.0481492
0.861393
0.8570988
0.8887068
0.81405616
0.77771086
0.7342297
0.84007764
1.0898254
0.9329237
0.86261356
0.9541304
0.760732
0.88511693
0.6699196
0.8173187
0.7841239
0.9320685
0.928297
0.86285734
0.8585341
0.7282628
0.90496266
1.0429153
0.75207925
0.9636855
0.7436838
1.005446
0.9189592
0.95385027
1.1785351
0.76712227
0.85065395
0.8444408
1.0694867
0.77348506
0.8906777
0.9109406
0.8872497
1.1575809
1.2253392
0.72092235
0.8258025
0.9235819
0.83484674
0.85504186
0.8706044
1.0188489
0.92814934
0.734678
0.9863342
0.7884697
0.87597096
1.0070744
0.8986815
1.12297
1.0680168
1.0111815
0.7524753
0.8154679
0.9153602
0.737586
0.7092093
0.7686845
0.9729606
0.8653164
0.88372433
0.9080598
0.83817166
0.68331945
0.8250509
0.9532497
0.8278856
1.0759518
0.95355415
0.8764459
0.8069092
0.82630014
0.8156359
0.9135134
1.1471153
0.8947015
0.6918843
0.95664537
0.8294551
0.80150455
0.74014556
1.1506667
0.8008169
1.0980581
0.8497044
0.91770625
0.91565835
0.89175516
1.038822
1.0855368
1.0108156
0.9882791
0.84758013
0.7364179
0.680352
0.9471414
0.8817301
0.89168847
0.95797265
0.8723004
0.9716406
0.66503906
0.64564586
0.9286487
0.8917211
0.97049034
0.8422892
0.8008362
0.9206781
0.92444694
1.0720947
1.1266935
0.85705566
0.916164
0.73498535
0.95781
0.9395257
0.84160554
0.8862009
1.0634267
1.0267944
0.9916303
0.78103924
0.7630496
0.84085286
0.87217164
0.80201226
0.85957956
0.81464976
0.88588667
0.76393557
0.86114
1.0497797
0.9749098
0.89180875
0.74020815
1.1480157
0.7400007
0.9332758
0.7702684
0.81249154
1.0862954
1.0507886
0.7228868
0.8734703
0.93601865
0.8881434
0.99160665
0.79280335
0.88113594
0.766193
1.1647773
1.1692772
1.0003277
0.8503769
0.8211398
0.98823446
0.9511956
0.9014243
0.8512043
0.86119014
0.840933
1.0554234
0.7046318
0.72428846
0.8714856
0.7297715
0.8509362
0.9216283
0.7486719
0.85230625
0.9088274
0.93905807
0.9888016
0.8336332
0.78401434
0.7896614
0.7592223
0.9547555
0.8333079
0.84402657
1.0317755
1.0761939
0.92807174
0.90905
0.93650985
0.9011166
1.0285039
